34 17   35 17   35 17   35 17   35 17   35 17   35 17   35 17   35 17   35 17   35 17   35 17   35 17   35 17   35 17   35 17   35 17   36 17  
34 17   35 17   35 17   35 17   35 17   35 17   35 17   35 17   35 17   35 17   35 17   35 17   35 17   35 17   35 17   35 17   35 17   36 17   
34 17   35 17   35 17   35 17   35 17   35 17   35 17   35 17   35 17   35 17   35 17   35 17   35 17   35 17   35 17   35 17   35 17   36 17  
34 17   35 17   35 17   35 17   35 17   35 17   35 17   35 17   35 17   35 17   35 17   35 17   35 17   35 17   35 17   35 17   35 17   36 17  
34 17   35 17   35 17   35 17   35 17   35 17   35 17   35 17   35 17   35 17   35 17   35 17   35 17   35 17   35 17   35 17   35 17   36 17  
34 17   35 17   35 17   35 17   35 17   35 17   35 17   35 17   35 17   35 17   35 17   35 17   35 17   35 17   35 17   35 17   35 17   36 17  
34 17   35 17   35 17   35 17   35 17   35 17   35 17   35 17   35 17   35 17   35 17   35 17   35 17   35 17   35 17   35 17   35 17   36 17  
34 17   35 17   35 17   35 17   35 17   35 17   35 17   35 17   35 17   35 17   35 17   35 17   35 17   35 17   35 17   35 17   35 17   36 17  
34 17   35 17   35 17   35 17   35 17   35 17   35 17   35 17   35 17   35 17   35 17   35 17   35 17   35 17   35 17   35 17   35 17   36 17  
34 17   35 17   35 17   35 17   35 17   35 17   35 17   35 17   35 17   35 17   35 17   35 17   35 17   35 17   35 17   35 17   35 17   36 17  
