-1 -1   -1 -1   -1 -1   -1 -1   -1 -1   -1 -1   -1 -1   -1 -1   43 19   -1 -1   -1 -1   -1 -1   -1 -1   -1 -1   -1 -1   -1 -1   -1 -1   -1 -1   
-1 -1   -1 -1   -1 -1   -1 -1   -1 -1   -1 -1   -1 -1   -1 -1   -1 -1   -1 -1   -1 -1   -1 -1   -1 -1   -1 -1   -1 -1   -1 -1   -1 -1   -1 -1   
30 09   -1 -1   28 09   -1 -1   -1 -1   -1 -1   -1 -1   38 10   38 10   38 10   -1 -1   -1 -1   -1 -1   -1 -1   -1 -1   30 09   -1 -1   -1 -1   
-1 -1   -1 -1   -1 -1   -1 -1   -1 -1   -1 -1   -1 -1   -1 -1   -1 -1   -1 -1   -1 -1   31 09   -1 -1   -1 -1   -1 -1   -1 -1   -1 -1   -1 -1   
-1 -1   -1 -1   -1 -1   -1 -1   -1 -1   -1 -1   -1 -1   -1 -1   -1 -1   -1 -1   -1 -1   -1 -1   -1 -1   -1 -1   -1 -1   -1 -1   -1 -1   -1 -1   
-1 -1   -1 -1   -1 -1   29 09   -1 -1   -1 -1   -1 -1   -1 -1   -1 -1   -1 -1   -1 -1   -1 -1   -1 -1   -1 -1   -1 -1   -1 -1   -1 -1   -1 -1   
-1 -1   -1 -1   -1 -1   -1 -1   -1 -1   -1 -1   -1 -1   28 09   -1 -1   -1 -1   -1 -1   -1 -1   -1 -1   28 09   -1 -1   -1 -1   -1 -1   -1 -1   
-1 -1   31 09   -1 -1   -1 -1   -1 -1   -1 -1   -1 -1   -1 -1   -1 -1   -1 -1   -1 -1   29 09   -1 -1   -1 -1   -1 -1   28 09   -1 -1   -1 -1   
-1 -1   -1 -1   -1 -1   -1 -1   -1 -1   -1 -1   -1 -1   -1 -1   -1 -1   -1 -1   -1 -1   -1 -1   -1 -1   -1 -1   -1 -1   -1 -1   -1 -1   -1 -1   
-1 -1   -1 -1   -1 -1   -1 -1   -1 -1   -1 -1   -1 -1   -1 -1   -1 -1   -1 -1   -1 -1   -1 -1   -1 -1   -1 -1   -1 -1   -1 -1   -1 -1   -1 -1   
